ITEM  Number      BIN         HEX     
1     -39         1111011001  FFFFFFFFD9
2     -36         1111011100  FFFFFFFFDC
3     8           1000                 8
4     34          100010              22
5     17          10001               11
6     49          110001              31
7     5           101                  5
8     39          100111              27
9     0           0                    0
10    33          100001              21
11    12          1100                 C
12    -6          1111111010  FFFFFFFFFA
13    27          11011               1B
14    -4          1111111100  FFFFFFFFFC
15    -38         1111011010  FFFFFFFFDA
16    26          11010               1A
17    49          110001              31
18    29          11101               1D
19    42          101010              2A
20    -16         1111110000  FFFFFFFFF0
21    -28         1111100100  FFFFFFFFE4
22    34          100010              22
23    20          10100               14
24    0           0                    0
25    25          11001               19
26    45          101101              2D
27    3           11                   3
28    -46         1111010010  FFFFFFFFD2
29    -46         1111010010  FFFFFFFFD2
30    29          11101               1D
31    33          100001              21
32    29          11101               1D
33    26          11010               1A
34    -5          1111111011  FFFFFFFFFB
35    -36         1111011100  FFFFFFFFDC
36    12          1100                 C
37    45          101101              2D
38    -50         1111001110  FFFFFFFFCE
39    0           0                    0
40    -6          1111111010  FFFFFFFFFA
41    -39         1111011001  FFFFFFFFD9
42    35          100011              23
43    26          11010               1A
44    -35         1111011101  FFFFFFFFDD
45    -42         1111010110  FFFFFFFFD6
46    14          1110                 E
47    -3          1111111101  FFFFFFFFFD
48    22          10110               16
49    -47         1111010001  FFFFFFFFD1
50    12          1100                 C
51    -17         1111101111  FFFFFFFFEF
52    -31         1111100001  FFFFFFFFE1
53    -25         1111100111  FFFFFFFFE7
54    -35         1111011101  FFFFFFFFDD
55    -18         1111101110  FFFFFFFFEE
56    14          1110                 E
57    37          100101              25
58    -8          1111111000  FFFFFFFFF8
59    -41         1111010111  FFFFFFFFD7
60    -50         1111001110  FFFFFFFFCE
61    -9          1111110111  FFFFFFFFF7
62    2           10                   2
63    12          1100                 C
64    -39         1111011001  FFFFFFFFD9
65    -17         1111101111  FFFFFFFFEF
66    0           0                    0
67    27          11011               1B
68    28          11100               1C
69    45          101101              2D
70    -44         1111010100  FFFFFFFFD4
71    28          11100               1C
72    35          100011              23
73    -33         1111011111  FFFFFFFFDF
74    43          101011              2B
75    -4          1111111100  FFFFFFFFFC
76    23          10111               17
77    -49         1111001111  FFFFFFFFCF
78    49          110001              31
79    -7          1111111001  FFFFFFFFF9
80    -38         1111011010  FFFFFFFFDA
81    -45         1111010011  FFFFFFFFD3
82    5           101                  5
83    -21         1111101011  FFFFFFFFEB
84    26          11010               1A
85    -2          1111111110  FFFFFFFFFE
86    -24         1111101000  FFFFFFFFE8
87    6           110                  6
88    -45         1111010011  FFFFFFFFD3
89    -4          1111111100  FFFFFFFFFC
90    15          1111                 F
91    0           0                    0
92    -17         1111101111  FFFFFFFFEF
93    -35         1111011101  FFFFFFFFDD
94    43          101011              2B
95    45          101101              2D
96    -35         1111011101  FFFFFFFFDD
97    -8          1111111000  FFFFFFFFF8
98    28          11100               1C
99    47          101111              2F
100   34          100010              22
101   -24         1111101000  FFFFFFFFE8
102   -42         1111010110  FFFFFFFFD6
103   -13         1111110011  FFFFFFFFF3
104   14          1110                 E
105   -45         1111010011  FFFFFFFFD3
106   -35         1111011101  FFFFFFFFDD
107   27          11011               1B
108   -12         1111110100  FFFFFFFFF4
109   -19         1111101101  FFFFFFFFED
110   -20         1111101100  FFFFFFFFEC
111   -14         1111110010  FFFFFFFFF2
112   20          10100               14
113   30          11110               1E
114   12          1100                 C
115   -36         1111011100  FFFFFFFFDC
116   -47         1111010001  FFFFFFFFD1
117   -27         1111100101  FFFFFFFFE5
118   -3          1111111101  FFFFFFFFFD
119   6           110                  6
120   36          100100              24
121   9           1001                 9
122   -16         1111110000  FFFFFFFFF0
123   36          100100              24
124   -27         1111100101  FFFFFFFFE5
125   7           111                  7
126   -6          1111111010  FFFFFFFFFA
127   -5          1111111011  FFFFFFFFFB
128   5           101                  5
129   47          101111              2F
130   23          10111               17
131   -48         1111010000  FFFFFFFFD0
132   -24         1111101000  FFFFFFFFE8
133   40          101000              28
134   -4          1111111100  FFFFFFFFFC
135   -18         1111101110  FFFFFFFFEE
136   -19         1111101101  FFFFFFFFED
137   14          1110                 E
138   15          1111                 F
139   1           1                    1
140   24          11000               18
141   -9          1111110111  FFFFFFFFF7
142   -50         1111001110  FFFFFFFFCE
143   18          10010               12
144   15          1111                 F
145   30          11110               1E
146   44          101100              2C
147   9           1001                 9
148   19          10011               13
149   33          100001              21
150   41          101001              29
151   -24         1111101000  FFFFFFFFE8
152   43          101011              2B
153   48          110000              30
154   -23         1111101001  FFFFFFFFE9
155   7           111                  7
156   28          11100               1C
157   8           1000                 8
158   -2          1111111110  FFFFFFFFFE
159   37          100101              25
160   42          101010              2A
161   -17         1111101111  FFFFFFFFEF
162   -6          1111111010  FFFFFFFFFA
163   36          100100              24
164   22          10110               16
165   27          11011               1B
166   31          11111               1F
167   -47         1111010001  FFFFFFFFD1
168   -43         1111010101  FFFFFFFFD5
169   0           0                    0
170   27          11011               1B
171   30          11110               1E
172   12          1100                 C
173   -15         1111110001  FFFFFFFFF1
174   -19         1111101101  FFFFFFFFED
175   -42         1111010110  FFFFFFFFD6
176   -37         1111011011  FFFFFFFFDB
177   31          11111               1F
178   -10         1111110110  FFFFFFFFF6
179   18          10010               12
180   33          100001              21
181   -15         1111110001  FFFFFFFFF1
182   17          10001               11
183   25          11001               19
184   -25         1111100111  FFFFFFFFE7
185   -5          1111111011  FFFFFFFFFB
186   33          100001              21
187   -13         1111110011  FFFFFFFFF3
188   33          100001              21
189   -10         1111110110  FFFFFFFFF6
190   47          101111              2F
191   47          101111              2F
192   -13         1111110011  FFFFFFFFF3
193   -32         1111100000  FFFFFFFFE0
194   1           1                    1
195   1           1                    1
196   -25         1111100111  FFFFFFFFE7
197   -33         1111011111  FFFFFFFFDF
198   16          10000               10
199   17          10001               11
200   4           100                  4
Execution time: 0.001209 seconds
